1: Minimax intelligence test
----------------------------
val b = Board(
arrayOf(35803138884493,32332522195986),
25,
arrayOf( 5, 12, 14, 25, 29, 41, 46 ),
listOf( 1, 5, 5, 6, 1, 6, 3, 5, 1, 1, 0, 5, 5, 5, 3, 0, 0, 3, 3, 6, 4, 1, 0, 0, 6 )
)

val b = Board(
arrayOf(98063240676366,40441684689841),
27,
arrayOf( 6, 11, 15, 24, 30, 41, 47 ),
listOf( 2, 6, 3, 0, 0, 1, 0, 1, 6, 5, 5, 3, 5, 1, 6, 6, 0, 5, 6, 5, 3, 0, 1, 4, 4, 0, 5 )
)

val b = Board(
arrayOf(137454016128,13572902619392),
23,
arrayOf( 0, 13, 20, 24, 30, 39, 44 ),
listOf( 2, 6, 2, 4, 2, 5, 1, 2, 3, 5, 3, 1, 1, 4, 2, 2, 1, 1, 5, 5, 3, 6, 1 )
)

val b = Board(
arrayOf(92702863523989,184889796198698),
24,
arrayOf( 6, 9, 14, 26, 29, 39, 48 ),
listOf( 1, 3, 3, 1, 0, 0, 6, 5, 0, 3, 5, 0, 0, 5, 3, 0, 4, 3, 5, 6, 6, 6, 6, 6 )
)

val b = Board(
arrayOf(8901615420292,4549985189899),
23,
arrayOf( 4, 10, 15, 25, 34, 38, 44 ),
listOf( 4, 2, 5, 0, 1, 4, 5, 4, 3, 3, 4, 5, 1, 4, 3, 6, 3, 0, 0, 0, 1, 4, 6 )
)

val b = Board(
        arrayOf(18418168663425,48619625988608),
        29,
        arrayOf( 1, 12, 20, 26, 31, 40, 46 ),
        listOf( 1, 5, 3, 2, 2, 2, 3, 6, 4, 4, 1, 3, 4, 1, 2, 6, 6, 5, 2, 5, 0, 3, 1, 2, 5, 3, 1, 6, 5 )
)

val b = Board(
arrayOf(34682699779,4398057013380),
13,
arrayOf( 3, 8, 15, 26, 29, 36, 43 ),
listOf( 5, 3, 3, 1, 0, 3, 4, 2, 0, 6, 3, 0, 3 )
)

2: Minimax speed test
---------------------
val b = Board(
arrayOf(26595242822787,39892736283404),
24,
arrayOf( 4, 13, 15, 23, 31, 39, 46 ),
listOf( 1, 6, 0, 1, 0, 3, 2, 5, 6, 0, 6, 3, 5, 1, 5, 6, 1, 0, 1, 5, 4, 1, 4, 4 )
)

val b = Board(
arrayOf(167435296637057,110157363200006),
23,
arrayOf( 3, 8, 17, 26, 29, 39, 48 ),
listOf( 3, 2, 0, 2, 3, 6, 5, 5, 6, 3, 3, 0, 2, 0, 6, 5, 4, 6, 1, 3, 5, 6, 6 )
)

val b = Board(
arrayOf(8865893220489,4570650853382),
21,
arrayOf( 4, 8, 20, 23, 31, 38, 44 ),
listOf( 3, 5, 5, 2, 0, 6, 2, 0, 3, 0, 1, 2, 2, 2, 6, 4, 0, 5, 2, 4, 4 )
)

val b = Board(
arrayOf(44015118467339,22058958325396),
21,
arrayOf( 5, 11, 15, 25, 29, 37, 46 ),
listOf( 5, 1, 1, 6, 6, 3, 0, 6, 6, 3, 0, 5, 3, 0, 4, 1, 3, 1, 0, 0, 2 )
)

val b = Board(
arrayOf(17626549993859,13194410164228),
15,
arrayOf( 3, 9, 17, 23, 29, 36, 45 ),
listOf( 2, 6, 0, 3, 3, 2, 5, 6, 0, 0, 6, 4, 1, 2, 1 )
)

BITBOARD REPRESENTATION
  6 13 20 27 34 41 48   55 62     Additional row
+---------------------+
| 5 12 19 26 33 40 47 | 54 61     top row
| 4 11 18 25 32 39 46 | 53 60
| 3 10 17 24 31 38 45 | 52 59
| 2  9 16 23 30 37 44 | 51 58
| 1  8 15 22 29 36 43 | 50 57
| 0  7 14 21 28 35 42 | 49 56 63  bottom row
+---------------------+

0 6
1 5
2 4
3 3